1. 9, 71, 2
1. 9, 71, 2
1. 9, 71, 2
1. 9, 71, 2
1. 9, 71, 2
1. 9, 71, 2
1. 9, 71, 2
1. 9, 71, 2
1. 9, 71, 2
1. 9, 71, 2
1. 9, 71, 2
1. 9, 71, 2
1. 9, 71, 2
1. 9, 71, 2
1. 9, 71, 2
1. 9, 71, 2
1. 9, 71, 2
1. 9, 71, 2
1. 9, 71, 2
1. 9, 71, 2
1. 392, 108, 183
3. 104, 106, 171
4. 465, 27, 33
2. 321, 351, 353
5. 440
1. 127, 207, 487
3. 169, 412, 91
2. 369, 339, 81
4. 374, 101, 247
5. 375, 413, 13
3. 169, 412, 91
1. 127, 207, 487
2. 369, 339, 81
4. 374, 101, 247
5. 375, 413, 13
1. 127, 207, 487
3. 169, 412, 91
2. 369, 339, 81
4. 374, 101, 247
5. 375, 413, 13
3. 169, 412, 91
1. 127, 207, 487
2. 369, 339, 81
4. 374, 101, 247
5. 375, 413, 13
3. 169, 412, 91
1. 127, 207, 487
2. 369, 339, 81
4. 374, 101, 247
5. 375, 413, 13
3. 169, 412, 91
1. 127, 207, 487
2. 369, 339, 81
4. 374, 101, 247
5. 375, 413, 13
3. 412, 169, 103
1. 127, 310, 207
2. 369, 339, 81
4. 350, 200, 374
5. 375, 434, 413
1. 30, 136, 193
2. 369, 126, 339
3. 66, 412, 169
4. 34, 89, 104
5. 375, 413, 98
3. 412, 169, 91
1. 487, 475, 29
2. 81, 265, 120
4. 98, 413, 434
5. 375, 350, 233
3. 412, 169, 91
1. 487, 2, 475
2. 81, 265, 120
4. 98, 413, 434
5. 375, 350, 233
3. 412, 169, 91
4. 487, 475, 29
2. 81, 265, 120
1. 98, 413, 434
5. 375, 350, 233
3. 412, 169, 91
4. 487, 29, 475
2. 81, 265, 120
1. 98, 245, 46
5. 375, 350, 13
3. 412, 169, 91
1. 487, 29, 475
2. 81, 265, 120
4. 98, 245, 46
5. 375, 350, 13
3. 412, 820, 169
1. 487, 993, 29
2. 786, 81, 265
4. 98, 620, 245
5. 375, 752, 646
3. 820, 412, 169
1. 475, 851, 487
2. 786, 459, 425
4. 234, 350, 430
5. 375, 646, 693
3. 820, 412, 169
1. 475, 851, 487
2. 786, 459, 425
4. 234, 350, 430
5. 375, 646, 693
3. 820, 412, 169
1. 475, 851, 487
2. 786, 459, 425
4. 234, 350, 430
5. 375, 646, 693
3. 820, 412, 169
1. 475, 851, 487
2. 786, 459, 425
4. 234, 350, 430
5. 375, 646, 693
3. 820, 412, 169
1. 475, 851, 487
3. 820, 412, 169
1. 475, 851, 487
2. 786, 459, 425
4. 234, 350, 430
3. 66, 820, 412
1. 851, 574, 475
2. 234, 350, 430
4. 234, 350, 430
5. 234, 350, 430
3. 66, 820, 412
1. 851, 574, 475
2. 234, 350, 430
4. 234, 350, 430
1. 234, 350, 391
4. 234, 350, 391
2. 234, 350, 391
3. 234, 350, 391
3. 412, 820, 169
4. 487, 993, 29
2. 786, 81, 265
1. 98, 620, 245
5. 375, 752, 646
3. 17, 8, 3
4. 2, 6, 9
2. 3, 10, 6
1. 23, 13, 8
5. 13, 23, 8
3. 14, 238, 503
2. 31, 374, 930
4. 2, 393, 521
1. 757, 245, 44
5. 375, 646, 350
1. 156, 749, 757
3. 95, 184, 238
2. 360, 779, 891
4. 2, 752, 385
5. 806, 13, 23
